5 5

1
1 1 
1 1 1
1 1 1 1
1 1 1 1 1
1 1 1 1
1 1 1 
1 1 
1

3 3 3 3 3
0 0 0 0 0
15 15 15 15 15

תתת
12 5

-4 -1 -3
-3 0 -4 -2
-1 -2 -3 -1 0
-1 -2 -1 0 -1 -4 -4 -1 -3 0 -2
7 12 11 5 5 4 8 7 7 13 7 7
-1 -4 -3 -2 -2 -3 -4 -2 -1 -3 -1
-2 -1 -2 0 -3
-3 -4 -3 -2
0 -2 -1

1 2 3 4 5 6 7 8 9 10 11 12
0 0 0 0 0 0 0 0 0 0 0 0
-38 -60 -48 -17 -23 -2 0 9 38 57 47 45

תתתתתת

10 3

4 1 3
3 0 4 2
1 2 3 1 0
1 2 1 0 4 1 3 0 2
7 12 11 5 5 7 7 13 7 7
1 4 3 2 2 2 1 3 1
2 1 2 0 3
3 4 3 2
0 2 1

1 2 3 4 5 6 7 8 9 10
0 0 0 0 0 0 0 0 0 0
100000
42 94 102 53 67 77 70 165 91 105

